4746 1735776004130016
4747 1735776015196046
4748 1735776015405650
4749 1735776018570190
4750 1735776020875695
4751 1735776054149815
4760 1735776067817286
4761 1735776067817462
4764 1735776067817608
4769 1735776067818271
4770 1735776069242596
4771 1735776084867967
4772 1735776090056326
4774 1735776104238391
4776 1735776107319332
4777 1735776111572424
4778 1735776117849895
4779 1735776118299297
4780 1735776123008208
4781 1735776165750536
4782 1735776165752553
4785 1735776165752575
4789 1735776165753159
4790 1735776193454845
4791 1735776201195091
4792 1735776205756415
4793 1735776214320960
4794 1735776240268172
4795 1735776242873152
4796 1735776250570445
4798 1735776257102299
4799 1735776260236483
4800 1735776272725177
4805 1735776275712353
4808 1735776283448924
4811 1735776283986838
4814 1735776288050454
4815 1735776304844576
4816 1735776319849897
4819 1735776322933348
4820 1735776323788264
4821 1735776328496700
4824 1735776343998847
4826 1735776360619686
4830 1735776376498140
4831 1735776378351864
4832 1735776379697643
4833 1735776383803832
4834 1735776388842657
4835 1735776389138169
4836 1735776391159666
4837 1735776405853072
4838 1735776408053202
4840 1735776409097764
4847 1735776418315146
4851 1735776430241340
4854 1735776432292996
4855 1735776432314934
4856 1735776432386184
4860 1735776445701736
4861 1735776457278812
4864 1735776470131748
4865 1735776471725811
4866 1735776473908247
4867 1735776475152906
4870 1735776480965065
4872 1735776511962110
4873 1735776521482331
4874 1735776521693484
4875 1735776533192850
4878 1735776533622605
4879 1735776533817207
4883 1735776534386292
4884 1735776541144624
4887 1735776546297453
4888 1735776557115758
4890 1735776568101748
4897 1735776594154878
4907 1735776609533630
4908 1735776610732401
4909 1735776625359545
4912 1735776643848584
4913 1735776655606246
4914 1735776664668797
4915 1735776683419894
4925 1735776684389375
4926 1735776689650447
4927 1735776689856814
4928 1735776696016003
4929 1735776704430356
4930 1735776714195534
4935 1735776718645948
4936 1735776726852828
4937 1735776728285609
4938 1735776730455335
4941 1735776738643000
4942 1735776762367412
4946 1735776765104450
4947 1735776789379809
4948 1735776790793073
4951 1735776819742847
4952 1735776824633802
4972 1735776827691302
4977 1735776827694883
4978 1735776828182549
4979 1735776836019757
4981 1735776836025170
4982 1735776836028457
4983 1735776836028547
4984 1735776842745846
4985 1735776842782580
4990 1735776848248406
4991 1735776857730126
4992 1735776865042874
5002 1735776877779262
5007 1735776915421690
5044 1735776919678370
5049 1735776941276526
5055 1735776948902199
5056 1735776949036438
5057 1735776949321921
5058 1735776950823300
5059 1735776951336261
5060 1735776951404017
5061 1735776954309185
5063 1735776954309502
5065 1735776963387572
5067 1735776971301780
5068 1735776972567266
5072 1735776999650461
5075 1735777020443507
5076 1735777020448175
5077 1735777020452184
5078 1735777020679182
5081 1735777020741341
5082 1735777021327348
5083 1735777021560669
5084 1735777021718513
5085 1735777021727399
5086 1735777021730419
5087 1735777021795856
5088 1735777022017543
5089 1735777022931107
5090 1735777022962356
5094 1735777036022142
5095 1735777041020641
5096 1735777043644165
5099 1735777046780870
5104 1735777048675736
5105 1735777048831015
5106 1735777052572879
5109 1735777058992685
5110 1735777062110210
5111 1735777065459868
5113 1735777065462090
5114 1735777065481110
5115 1735777065498197
5116 1735777065498271
5117 1735777065504417
5120 1735777065567375
5121 1735777066175377
5122 1735777075789025
5123 1735777075789179
5125 1735777075790391
5126 1735777075792565
5127 1735777075798305
5128 1735777102139504
5131 1735777104006162
5132 1735777111132911
5134 1735777111137200
5135 1735777111184149
5139 1735777115601333
5142 1735777124236667
5143 1735777135736184
5144 1735777148811854
5147 1735777148811854
5151 1735777149831183
5152 1735777150292352
5153 1735777151983233
5154 1735777152571011
5155 1735777154110380
5157 1735777154159398
5160 1735777156102020
5161 1735777156619280
5164 1735777157443399
5165 1735777158078201
5166 1735777158118538
5167 1735777158193418
5168 1735777158194081
5169 1735777158200847
5170 1735777162724376
5171 1735777163392299
5172 1735777163395217
5173 1735777163432894
5177 1735777165912325
5178 1735777167611019
5199 1735777168936756
5200 1735777170418160
5201 1735777170423989
5205 1735777170425202
5206 1735777170432409
5209 1735777171622413
5213 1735777174188062
5216 1735777177415973
5220 1735777180362811
5223 1735777181268108
5225 1735777183445854
5226 1735777186272659
5227 1735777186621086
5228 1735777189094543
5229 1735777191139671
5230 1735777191734551
5233 1735777191881302
5234 1735777192119595
5235 1735777192123041
5236 1735777194637684
5237 1735777194647242
5241 1735777196870065
5242 1735777197289428
5243 1735777199944512
5244 1735777202742389
5245 1735777204870978
5248 1735777205115185
5249 1735777205115191
5250 1735777205331236
5256 1735777205799484
5257 1735777207965661
5260 1735777218278321
5262 1735777220671091
5264 1735777222591448
5265 1735777222592993
5269 1735777223408469
5270 1735777231986590
5271 1735777236309288
5272 1735777236311241
5273 1735777237528595
5275 1735777237924667
5276 1735777240135170
5277 1735777243252237
5278 1735777244286542
5279 1735777244350965
5283 1735777244867076
5286 1735777247929147
5287 1735777247930245
5288 1735777252060488
5291 1735777261200331
5292 1735777262060915
5293 1735777262096080
5295 1735777262104208
5296 1735777262125430
5298 1735777262352518
5299 1735777267566341
5302 1735777273890393
5303 1735777273912843
5304 1735777273915162
5305 1735777273973629
5306 1735777274330740
5308 1735777275240446
5309 1735777279573753
5310 1735777285314869
5311 1735777285317832
5312 1735777285408856
5313 1735777292656883
5314 1735777292665392
5315 1735777292666587
5317 1735777293294946
5318 1735777296099008
5319 1735777302797835
5320 1735777302800613
5321 1735777311579543
5322 1735777311581642
5323 1735777311589808
5350 1735777322661030
5353 1735777326520245
5354 1735777330302554
5355 1735777332449279
5356 1735777338866652
5357 1735777338869296
5358 1735777338872038
5359 1735777343160213
5369 1735777343776021
5370 1735777343872426
5371 1735777347586330
5374 1735777348762301
5375 1735777348767252
5376 1735777352619995
5377 1735777353113848
5380 1735777360660487
5384 1735777362879254
5385 1735777379830369
5387 1735777382172317
5388 1735777387532261
5393 1735777389500407
5394 1735777390986772
5395 1735777396721449
5396 1735777397284819
5397 1735777398830793
5398 1735777402168913
5399 1735777406067190
5400 1735777406217292
5401 1735777409870381
5402 1735777410292654
5403 1735777411090736
5409 1735777411183291
5410 1735777416949552
5452 1735777417881774
5453 1735777417913557
5454 1735777417916391
5455 1735777417926790
5456 1735777417928169
5457 1735777417932497
5458 1735777417932844
5459 1735777417934508
5460 1735777417946720
5461 1735777418679519
5462 1735777418720517
5501 1735777418988773
5502 1735777419176332
5503 1735777419338252
5504 1735777421503563
5509 1735777422268391
5539 1735777422275860
5540 1735777422322962
5556 1735777426123164
5557 1735777426171086
5558 1735777426271616
5561 1735777426284301
5564 1735777427876863
5565 1735777427877223
5566 1735777427879626
5567 1735777430110958
5568 1735777430111651
5569 1735777430111658
5573 1735777430111895
5574 1735777430112279
5576 1735777430112393
5577 1735777430112515
5578 1735777430550289
5581 1735777432566580
5582 1735777432567390
5586 1735777435715674
5588 1735777439208265
5592 1735777443628317
5593 1735777446027305
5594 1735777446036579
5595 1735777446041633
5596 1735777446042082
5597 1735777446042493
5599 1735777446168947
5600 1735777446258807
5604 1735777447422732
5605 1735777448306510
5607 1735777451601605
5608 1735777453021566
5609 1735777456179327
5612 1735777464581451
5614 1735777464583672
5616 1735777464588955
5644 1735777464805617
5853 1735777464805617
5854 1735777464808695
5855 1735777464808801
5856 1735777464808804
5857 1735777464808973
5858 1735777464809152
5859 1735777464809183
5861 1735777464809250
5862 1735777464809328
5863 1735777464809330
5864 1735777464809600
5865 1735777464811094
5866 1735777464811207
5867 1735777464811342
5868 1735777464811480
5869 1735777464811493
5870 1735777464811568
5871 1735777464811687
5873 1735777464811886
5874 1735777464812063
5875 1735777464812395
5876 1735777464813078
5877 1735777464813082
5878 1735777464813999
5879 1735777464817652
5883 1735777465948004
5884 1735777466031340
5885 1735777466203298
5886 1735777467310880
5887 1735777467320144
5888 1735777467333353
5889 1735777467340148
5890 1735777467430951
5891 1735777467440385
5892 1735777467447069
5894 1735777467455733
5895 1735777467464729
5896 1735777467473020
5897 1735777467481057
5898 1735777467487973
5899 1735777467494935
5900 1735777467503117
5901 1735777467509997
5902 1735777467517374
5903 1735777467527594
5948 1735777467683241
5949 1735777467685429
5950 1735777467685640
5951 1735777467685713
5952 1735777467685717
5953 1735777467685767
5954 1735777467685790
5955 1735777467685793
5956 1735777467685814
5957 1735777467685824
5958 1735777467685848
5959 1735777467685920
5960 1735777467685933
5961 1735777467685934
5962 1735777467685941
5963 1735777467685960
5964 1735777467685983
5965 1735777467685984
5966 1735777467686033
5967 1735777467686036
5968 1735777467686042
5969 1735777467686058
5970 1735777467686074
5971 1735777467686138
5972 1735777467686142
5973 1735777467686152
5974 1735777467686198
5975 1735777467686210
5976 1735777467686246
5977 1735777467686326
5978 1735777467686356
5979 1735777467686367
5980 1735777467686383
5985 1735777467686387
5986 1735777467686403
5987 1735777467686410
5988 1735777467686618
5989 1735777467686798
5990 1735777467686838
5991 1735777467686881
5992 1735777467687046
5994 1735777467687114
5995 1735777467687169
6009 1735777467687187
6010 1735777467687812
6011 1735777467688890
6017 1735777467689049
6021 1735777467689088
6025 1735777467689111
6027 1735777467689268
6028 1735777467689272
6029 1735777467689406
6030 1735777467689549
6031 1735777467689642
6032 1735777467689971
6034 1735777467690109
6038 1735777467690164
6042 1735777467690283
6043 1735777467690404
6044 1735777467690545
6045 1735777467690548
6046 1735777467690712
6048 1735777467692142
6049 1735777467698604
6050 1735777467700119
6051 1735777468115794
6052 1735777468586061
6058 1735777469667953
6059 1735777470399655
6063 1735777473139990
6064 1735777477453680
6071 1735777477510991
6073 1735777478760764
6074 1735777479285933
6080 1735777481052316
6087 1735777481583787
6089 1735777481588190
6092 1735777481590890
6094 1735777483105937
6095 1735777484392800
6099 1735777487779545
6100 1735777488224599
6101 1735777488615234
6103 1735777489793230
6104 1735777489811676
6105 1735777489813019
6106 1735777489932077
6107 1735777489932272
6108 1735777490461124
6109 1735777490643999
6112 1735777492547744
6113 1735777495523351
6114 1735777495533332
6115 1735777495885301
6119 1735777498058892
6122 1735777505871083
6123 1735777507703482
6125 1735777511426637
6132 1735777512220219
6133 1735777512220421
6134 1735777512407048
6135 1735777512407739
6141 1735777512415179
6144 1735777512490345
6150 1735777512490345
6152 1735777512663129
6156 1735777512664522
6159 1735777512667915
6160 1735777514037588
6161 1735777514038734
6162 1735777514039261
6186 1735777514043708
6188 1735777516038572
6189 1735777516039717
6190 1735777517054172
6193 1735777518852781
6194 1735777518852943
6195 1735777518871280
6198 1735777518871349
6199 1735777519916387
6200 1735777521417998
6201 1735777522214480
6202 1735777530034025
6204 1735777530502554
6206 1735777534702169
6207 1735777540035901
6209 1735777540257791
6212 1735777547693135
6217 1735777549447116
6219 1735777550804065
6223 1735777551556698
6224 1735777553127963
6228 1735777553491682
6229 1735777554752671
6230 1735777554752966
6231 1735777554753013
6232 1735777554753091
6233 1735777554753292
6234 1735777554753570
6235 1735777554753801
6241 1735777554754471
6243 1735777554754585
6244 1735777554754864
6246 1735777554755276
6250 1735777555085263
6253 1735777555744517
6284 1735777556028127
6285 1735777556236906
6286 1735777556237330
6295 1735777556237808
6296 1735777556238391
6297 1735777556239072
6298 1735777556239295
6302 1735777556240042
6303 1735777556240069
6305 1735777556247066
6306 1735777556503095
6310 1735777556512525
6314 1735777558339054
6315 1735777563712329
6318 1735777564063131
6320 1735777564516789
6323 1735777565667030
6327 1735777566382003
6329 1735777566382694
6330 1735777568341885
6334 1735777569748943
6340 1735777570186195
6341 1735777570358082
6346 1735777571943299
6350 1735777579760127
6351 1735777580322826
6352 1735777580326755
6354 1735777580328218
6355 1735777580387253
6356 1735777580390112
6357 1735777580390188
6358 1735777580390576
6365 1735777580390740
6366 1735777580391696
6367 1735777580391750
6368 1735777580393050
6369 1735777580837188
6371 1735777581380926
6372 1735777581923699
6373 1735777582998603
6374 1735777583111351
6375 1735777584084450
6380 1735777584397103
6381 1735777586161295
6382 1735777586826714
6383 1735777587086623
6384 1735777587346835
6385 1735777587891330
6389 1735777588409565
6390 1735777589242247
6391 1735777589761520
6392 1735777590293387
6393 1735777590297346
6394 1735777590912510
6398 1735777591292689
6400 1735777591325195
6401 1735777591868496
6402 1735777592138171
6403 1735777592365778
6404 1735777593011794
6405 1735777593135153
6408 1735777593592233
6409 1735777593610533
6410 1735777593612873
6411 1735777594132642
6414 1735777595701643
6415 1735777595800529
6416 1735777598073520
6417 1735777600006295
6418 1735777600625961
6420 1735777601212418
6421 1735777601724348
6422 1735777602425940
6427 1735777602576461
6429 1735777603033581
6430 1735777603978318
6431 1735777604626722
6432 1735777605002214
6436 1735777605003408
6437 1735777605152043
6438 1735777605714577
6439 1735777606243892
6442 1735777606803549
6446 1735777606803605
6449 1735777606814584
6450 1735777607324901
6451 1735777607845772
6455 1735777609082321
6459 1735777610621984
6467 1735777622832888
6469 1735777627332065
6472 1735777629440710
6478 1735777630519495
6481 1735777630950744
6482 1735777630953718
6483 1735777634025702
6484 1735777634298520
6485 1735777635996541
6486 1735777636037538
6489 1735777636264302
6490 1735777640633772
6492 1735777644975970
6493 1735777646920333
6495 1735777647602048
6496 1735777649562218
6499 1735777651669045
6500 1735777651669383
6501 1735777653316631
6502 1735777658910404
6505 1735777664156698
6512 1735777678976699
6513 1735777679033292
6516 1735777686090296
6517 1735777686212843
6518 1735777697773179
6521 1735777697951921
6589 1735777698167016
6590 1735777698169425
6591 1735777698169428
6592 1735777698169439
6593 1735777698169442
6594 1735777698169596
6595 1735777698169643
6596 1735777698169690
6597 1735777698169711
6598 1735777698169717
6599 1735777698169804
6600 1735777698169816
6601 1735777698169860
6602 1735777698169927
6603 1735777698169941
6604 1735777698169944
6605 1735777698169982
6606 1735777698169988
6607 1735777698169989
6608 1735777698169992
6609 1735777698170011
6610 1735777698170014
6611 1735777698170018
6612 1735777698170055
6613 1735777698170073
6614 1735777698170076
6615 1735777698170092
6616 1735777698170101
6617 1735777698170170
6618 1735777698170215
6619 1735777698170230
6620 1735777698170233
6621 1735777698170252
6622 1735777698170261
6623 1735777698170286
6624 1735777698170287
6625 1735777698170290
6626 1735777698170320
6627 1735777698170354
6628 1735777698170361
6629 1735777698170365
6630 1735777698170426
6631 1735777698170433
6632 1735777698170473
6633 1735777698170497
6634 1735777698170511
6635 1735777698170518
6636 1735777698170587
6637 1735777698170601
6638 1735777698170673
6639 1735777698170730
6640 1735777698170829
6641 1735777698170872
6642 1735777698170999
6643 1735777698171071
6644 1735777698171077
6645 1735777698171082
6646 1735777698171120
6647 1735777698171125
6648 1735777698171459
6649 1735777698171501
6650 1735777698171694
6651 1735777698171921
6652 1735777698171995
6653 1735777698172180
6654 1735777698172309
6655 1735777698172398
6656 1735777698172438
6657 1735777698172453
6658 1735777698172517
6659 1735777698172548
6660 1735777698172610
6661 1735777698172767
6662 1735777698173113
6663 1735777698173189
6664 1735777698173286
6665 1735777698173313
6666 1735777698173353
6667 1735777698173390
6668 1735777698173626
6669 1735777698173627
6670 1735777698173767
6671 1735777698173791
6672 1735777698173985
6673 1735777698174000
6674 1735777698174554
6675 1735777698174974
6676 1735777698175489
6677 1735777698175618
6678 1735777698175664
6679 1735777698175667
6680 1735777698175682
6681 1735777698176030
6682 1735777698176360
6683 1735777698176552
6684 1735777698176573
6685 1735777698176848
6686 1735777698176905
6687 1735777698177169
6688 1735777698177419
6689 1735777698177714
6690 1735777698178336
6691 1735777698178394
6692 1735777698178598
6693 1735777698179855
6694 1735777698180148
6695 1735777698181227
6696 1735777698181255
6697 1735777698181949
6698 1735777698182137
6699 1735777698182151
6700 1735777698182295
6701 1735777698182577
6702 1735777698182977
6703 1735777698183106
6704 1735777698183359
6705 1735777698184158
6706 1735777698184735
6707 1735777698185772
6708 1735777698186236
6709 1735777698186911
6710 1735777698187414
6713 1735777698187504
6714 1735777698187588
6715 1735777698189694
6716 1735777698190526
6717 1735777698192012
6720 1735777698192659
6721 1735777698208173
6722 1735777698323179
6723 1735777698409676
6724 1735777699046253
6725 1735777699822307
6728 1735777700596463
6729 1735777700642092
6730 1735777700762390
6731 1735777700763265
6732 1735777701251371
6736 1735777701255107
6737 1735777706987034
6740 1735777709202098
6741 1735777738570674
6745 1735777745433871
6747 1735777756827803
6749 1735777762387012
6752 1735777766629159
6754 1735777766904597
6760 1735777770358472
6762 1735777771242612
6763 1735777772985356
6764 1735777775015868
6765 1735777776204419
6766 1735777777631419
6769 1735777782156798
6772 1735777784923364
6774 1735777787686472
6775 1735777794285339
6783 1735777797674519
6785 1735777799023998
6786 1735777804279492
6787 1735777804279619
6788 1735777804284720
6789 1735777805486419
6790 1735777809440403
6792 1735777810693072
6799 1735777812723144
6801 1735777815958759
6802 1735777833686569
6811 1735777834799845
6812 1735777834804714
6813 1735777834804880
6814 1735777834805228
6815 1735777834805289
6816 1735777834805585
6817 1735777834813457
6818 1735777834821321
6819 1735777834828092
6820 1735777834835480
6821 1735777834841972
6822 1735777834843101
6823 1735777834856269
6824 1735777834856714
6825 1735777834857045
6826 1735777834857061
6829 1735777834861494
6830 1735777834930647
6831 1735777834998031
6833 1735777835007048
6834 1735777843443158
6835 1735777843540444
6836 1735777843649271
6837 1735777843698213
6838 1735777843770610
6839 1735777843779243
6842 1735777843790275
6843 1735777844139687
6847 1735777844238794
6849 1735777845169931
6850 1735777845177122
6852 1735777845334288
6870 1735777846544517
6872 1735777846893804
6873 1735777848069140
6879 1735777849096972
6880 1735777849191818
6881 1735777849219795
6885 1735777849324652
6901 1735777851545512
6903 1735777851849802
6917 1735777854721109
6918 1735777856560315
6919 1735777859640998
6920 1735777859793553
6921 1735777859806583
6922 1735777859814270
6923 1735777859822252
6924 1735777859831603
6925 1735777860352421
6928 1735777861166566
6929 1735777862629450
6933 1735777866339356
6934 1735777867485735
6935 1735777872322659
6936 1735777872323467
6937 1735777872325315
6938 1735777872333055
6939 1735777872563494
6940 1735777872573056
6943 1735777873019381
6944 1735777873053099
6947 1735777873055593
6948 1735777877004880
6950 1735777888085701
6951 1735777888085712
6952 1735777888344460
6953 1735777891218642
6954 1735777899931101
6956 1735777904717711
6957 1735777906264381
6958 1735777906499821
6959 1735777914551437
6960 1735777914811172
6961 1735777915888589
6962 1735777916048003
6965 1735777916176147
6966 1735777916248672
6968 1735777916255989
6969 1735777916574226
6970 1735777916611077
6971 1735777917041178
6972 1735777917054187
6973 1735777917178710
6974 1735777918151140
6978 1735777918154795
6979 1735777928486345
6980 1735777933484539
6981 1735777933757258
6982 1735777940270191
6983 1735777944318202
6985 1735777946132727
6986 1735777948740104
6987 1735777951746145
6989 1735777956373618
6990 1735777962376318
6993 1735777965753981
6996 1735777966731246
6997 1735777966903586
7000 1735777966909110
7001 1735777971655737
7002 1735777973868300
7006 1735777974885026
7010 1735777981672233
7013 1735777981673244
7015 1735777984546345
7017 1735777985272123
7019 1735777985331284
7020 1735777985331816
7022 1735777985331923
7024 1735777985331990
7025 1735777986378686
7026 1735777987151244
7027 1735777987167334
7029 1735777987524227
7030 1735777988487027
7038 1735777988488062
7039 1735777988488241
7040 1735777988488609
7042 1735777988488617
7044 1735777990466527
7045 1735777990470079
7048 1735777991341768
7049 1735777991860061
7050 1735777993614542
7051 1735777993805471
7052 1735778000858052
7053 1735778002366356
7054 1735778004150442
7056 1735778006615976
7058 1735778009054647
7059 1735778014159766
7062 1735778022813848
7063 1735778029667406
7065 1735778036975382
7067 1735778042982588
7069 1735778043817497
7072 1735778055891788
7074 1735778059101587
7075 1735778066002328
7076 1735778073058421
7080 1735778077102483
7081 1735778082686277
7082 1735778085914731
7083 1735778086121583
7087 1735778090017894
7088 1735778100142669
7089 1735778100165024
7090 1735778100466171
7091 1735778101428634
7092 1735778101498461
7096 1735778101858032
7101 1735778102617157
7104 1735778102621321
7107 1735778106070334
7109 1735778106667769
7110 1735778109879210
7112 1735778122405400
7113 1735778122615782
7116 1735778122776417
7117 1735778123031422
7118 1735778123735041
7119 1735778123783135
7120 1735778123907690
7121 1735778130886904
7122 1735778133154343
7123 1735778133166332
7124 1735778136343571
7126 1735778139558078
7128 1735778139999168
7129 1735778140612720
7130 1735778147160219
7131 1735778151031826
7132 1735778151067631
7134 1735778152216842
7135 1735778156590437
7136 1735778157785135
7140 1735778161125396
7141 1735778161135261
7144 1735778161204239
7150 1735778164972875
7151 1735778165806333
7152 1735778167520631
7156 1735778169387915
7157 1735778171922271
7158 1735778174690963
7159 1735778175696290
7161 1735778178101640
7164 1735778184376609
7165 1735778187586418
7166 1735778187686183
7168 1735778191098416
7169 1735778193310379
7170 1735778203860741
7174 1735778210897135
7177 1735778210897281
7180 1735778217643016
7181 1735778217652276
7185 1735778217713203
7186 1735778217714392
7187 1735778217714397
7188 1735778217716458
7189 1735778229779235
7191 1735778235042155
7192 1735778240155950
7197 1735778241214477
7311 1735778257932447
7313 1735778257935622
7314 1735778257936848
7315 1735778257937342
7320 1735778257942331
7321 1735778257943049
7322 1735778257948961
7324 1735778257956205
7325 1735778257965617
7326 1735778257972854
7328 1735778257979964
7332 1735778257987122
7333 1735778259243131
7337 1735778259691680
7338 1735778265019307
7339 1735778265070507
7348 1735778265320689
7351 1735778266126091
7352 1735778266629142
7353 1735778267631528
7354 1735778270396381
7355 1735778271007560
7356 1735778271376940
7357 1735778271377170
7361 1735778271380538
7362 1735778281064748
7363 1735778290806383
7364 1735778293296202
7365 1735778297156354
7366 1735778297270500
7369 1735778300488033
7370 1735778300490924
7375 1735778300701685
7376 1735778304513560
7377 1735778308200478
7378 1735778308222987
7379 1735778309247100
7381 1735778309606864
7382 1735778310447639
7388 1735778310877422
7389 1735778311059605
7390 1735778311698721
7391 1735778311864527
7392 1735778320056059
7395 1735778322730902
7396 1735778326887502
7397 1735778334104378
7398 1735778334239111
7399 1735778334254968
7400 1735778334269756
7401 1735778334284854
7402 1735778334296454
7403 1735778334304074
7404 1735778334329319
7405 1735778334734417
7408 1735778334737027
7412 1735778335320092
7413 1735778341656825
7414 1735778344742695
7417 1735778348049019
7418 1735778348052314
7419 1735778348053337
7422 1735778348054898
7424 1735778362797301
7425 1735778366669064
7426 1735778366950932
7427 1735778367644424
7428 1735778371627995
7429 1735778376072778
7430 1735778377641457
7433 1735778381718110
7434 1735778381903187
7435 1735778383321350
7436 1735778383964799
7437 1735778384121200
7440 1735778385101819
7441 1735778387987122
7442 1735778389163009
7445 1735778394473135
7448 1735778406904679
7450 1735778406907471
7451 1735778416210418
7453 1735778416791370
7454 1735778417784079
7456 1735778421156587
7457 1735778423890238
7460 1735778424707550
7461 1735778429997722
7467 1735778432271921
7469 1735778440305582
7471 1735778440548394
7473 1735778448282895
7477 1735778453535218
7478 1735778455275522
7480 1735778460404863
7481 1735778461465449
7482 1735778462575758
7483 1735778463848389
7484 1735778464192192
7485 1735778464904478
7486 1735778465378123
7487 1735778465749680
7488 1735778466087585
7489 1735778466091268
7490 1735778466093152
7494 1735778466095205
7495 1735778466097242
7496 1735778466097688
7497 1735778466099337
7498 1735778466099528
7499 1735778466099627
7500 1735778466099726
7501 1735778466099740
7504 1735778466099749
7505 1735778467099104
7507 1735778470431329
7509 1735778481497340
7512 1735778483488456
7513 1735778496009333
7514 1735778499548567
7521 1735778502672422
7522 1735778505016789
7523 1735778506232197
7524 1735778508481018
7525 1735778509002091
7526 1735778520538518
7529 1735778523701827
7532 1735778541735874
7533 1735778548470330
7534 1735778548647865
7535 1735778548650527
7536 1735778548948864
7538 1735778555595185
7540 1735778559344078
7541 1735778562361428
7542 1735778567596256
7544 1735778571770099
7546 1735778575767242
7548 1735778581405028
7549 1735778593560601
7555 1735778593646982
7557 1735778599128586
7561 1735778603147947
7564 1735778603430180
7565 1735778605293611
7568 1735778610321394
7571 1735778611407164
7572 1735778616728573
7575 1735778616801908
7577 1735778621507111
7585 1735778623171464
7586 1735778624848430
7589 1735778627493269
7597 1735778630414266
7599 1735778630415354
7600 1735778630671296
7602 1735778647823115
7603 1735778650235789
7604 1735778650236001
7605 1735778650236004
7606 1735778650237525
7609 1735778654252147
7610 1735778654323569
7611 1735778654798720
7612 1735778657097333
7619 1735778658346804
7620 1735778660036812
7621 1735778667486805
7624 1735778671413335
7626 1735778671413500
7627 1735778677619882
7630 1735778684058506
7632 1735778685814300
7633 1735778693686527
7634 1735778702166811
7635 1735778717445925
7636 1735778720642543
7639 1735778760916781
7642 1735778766932974
7644 1735778770749429
7647 1735778770749429
7648 1735778784844107
7658 1735778795354097
7660 1735778795354772
7664 1735778795361971
7665 1735778795364001
7666 1735778795365825
7668 1735778795367738
7672 1735778795405777
7673 1735778795426223
7674 1735778795427968
7675 1735778795525451
7678 1735778796192943
7680 1735778801002141
7683 1735778803156039
7684 1735778803547004
7686 1735778821985196
7688 1735778823057944
7689 1735778823058300
7691 1735778834401910
7692 1735778836404220
7695 1735778841167110
7696 1735778842528109
7697 1735778855281838
7699 1735778857032371
7700 1735778858467024
7703 1735778860515057
7706 1735778862901860
7708 1735778865307104
7709 1735778880029482
7710 1735778881574727
7711 1735778881574895
7712 1735778881574902
7713 1735778881578008
7714 1735778881579330
7715 1735778881922323
7716 1735778881929985
7723 1735778882036106
7724 1735778882270214
7725 1735778883885089
7726 1735778883922208
7727 1735778883923147
7728 1735778883939455
7729 1735778884721464
7730 1735778891590861
7731 1735778901766796
7732 1735778904185014
7733 1735778904204398
7734 1735778904246213
7735 1735778904280797
7736 1735778904341463
7737 1735778904497096
7738 1735778905071957
7739 1735778905091462
7740 1735778905100160
7741 1735778905111549
7742 1735778905119546
7743 1735778905130007
7744 1735778905152835
7745 1735778905197165
7746 1735778905199515
7747 1735778905246842
7748 1735778905248586
7752 1735778905249421
7753 1735778905788035
7754 1735778911375757
7755 1735778916184768
7756 1735778918620564
7757 1735778921728845
7758 1735778922272202
7759 1735778929243657
7762 1735778953535261
7768 1735778965448546
7769 1735778969872918
7770 1735778973026641
7771 1735778973847321
7775 1735778975038066
7783 1735779004955236
7784 1735779007201667
7785 1735779019028194
7786 1735779021372000
7787 1735779022038006
7788 1735779022061332
7792 1735779022087368
7796 1735779022127759
7797 1735779022134252
7799 1735779026317159
7800 1735779035406189
7803 1735779035787342
7808 1735779039945258
7809 1735779040074710
7810 1735779046918380
7811 1735779053152548
7813 1735779058937340
7814 1735779060280440
7815 1735779061255132
7816 1735779061341834
7817 1735779061350949
7822 1735779061353545
7823 1735779063260986
7824 1735779069422225
7825 1735779069432441
7826 1735779069797138
7828 1735779070018311
7829 1735779070033275
7830 1735779073176257
7831 1735779073202223
7833 1735779073218328
7837 1735779073221277
7838 1735779086769792
7839 1735779107021347
7841 1735779109084111
7842 1735779115628225
7845 1735779117367954
7846 1735779117378164
7847 1735779117606401
7850 1735779117614137
7851 1735779119486183
7854 1735779119737280
7855 1735779121223843
7856 1735779123283903
7858 1735779125601652
7862 1735779134714401
7863 1735779145872617
7864 1735779146386213
7865 1735779167297554
7868 1735779181608285
7869 1735779189224248
7872 1735779209432104
7875 1735779220152997
7876 1735779220153010
7881 1735779220167250
7883 1735779222618500
7884 1735779237012577
7887 1735779242746423
7888 1735779246642730
7889 1735779252299253
7890 1735779266325395
7893 1735779267117099
7896 1735779283847382
7902 1735779283848336
7903 1735779289854753
7905 1735779302826205
7906 1735779303618052
7909 1735779305235256
7913 1735779305264997
7916 1735779322358553
7917 1735779327650228
7918 1735779327779196
7919 1735779328496139
7920 1735779328992310
7927 1735779329002936
7928 1735779329148542
7929 1735779329516110
7931 1735779329664621
7933 1735779360943921
7936 1735779368331218
7937 1735779372412436
7940 1735779395771254
7941 1735779396565995
7942 1735779404751720
7945 1735779406406797
7948 1735779407325515
7952 1735779421487073
7953 1735779421611399
7954 1735779421703624
7959 1735779421706918
7960 1735779423978245
7966 1735779424799131
7969 1735779434484292
7975 1735779437027403
7976 1735779447719723
7984 1735779449267964
7988 1735779451393499
7989 1735779452065204
7992 1735779458494783
7993 1735779461210460
7995 1735779472768838
7996 1735779475093059
8000 1735779484284905
8001 1735779484405042
8002 1735779485437546
8003 1735779485641860
8004 1735779485644466
8007 1735779486032721
8010 1735779500066419
8011 1735779523154413
8012 1735779524212246
8013 1735779531517141
8022 1735779541266673
8027 1735779579928130
8029 1735779579928142
8030 1735779583206497
8035 1735779593432521
8036 1735779598618268
